info,user_id,query_id,0_url,1_url,2_url,3_url,4_url,5_url,6_url,7_url,8_url,9_url
9571,1677,3227957,359644388,124561372,163306085,119929274,153756649,131389580,162311282,139752807,147411483,112010062
9571,1677,881556,339886509,162310728,162310727,153756624,155128123,163306017,139752625,129447876,134196355,13152381
9572,1677,2831394,319583042,119617939,119617541,130288166,119696983,133834742,143211345,14349066,18167940,131488879
9573,1677,2831394,319583042,119617939,119617541,130288166,119696983,133834742,143211345,14349066,18167940,131488879
9574,1677,14325034,323377227,123377200,123377217,122610090,145953079,13797445,111532783,19057314,13731264,146551483
9575,1677,11475228,18989740,160833677,324117986,13257154,124116565,116847338,14198230,110745403,169555109,134153405
9575,1677,19708576,332718622,170642684,126336878,126001713,152980457,111751555,145729082,12968611,156032256,144127769
9576,1677,20769164,140438572,3396140,130065907,115209226,137529762,146650455,114700161,161327936,124687668,19699570
9577,1677,15101492,138662022,324150835,114446916,153240303,16796775,129018946,113931343,155324266,112934186,163054820
9578,1677,1551636,38190279,138907680,147416829,13276824,163346136,163346226,142629277,139867442,163275496,12363355
9579,1677,1810184,347231518,147234398,127203851,127204927,147228289,160108955,147240230,129578003,139014433,118126469
9580,1677,9960563,314680420,132685994,16717622,18375696,127100245,12992533,153064223,18101754,128296663,13362223
9581,1677,13411588,32828586,140986128,140986080,137594551,1841615,156804343,166008226,137493170,123009970,163748330
9582,1677,2831394,319583042,119617939,119617541,122539669,130288168,143211345,119696983,133834742,14349066,18167940
